layer
rotate
canvas 0 0 1000 1000
shape disk1 rectangle 1
shape disk2 rectangle 2
shape disk3 rectangle 3
motion disk1 1 405 500 20 30 255 255 255 0   1 405 500 20 30 255 255 255 0
motion disk1 1 405 500 20 30 255 255 255 0   100 405 500 20 30 255 255 255 90
motion disk1 100 405 500 20 30 255 255 255 90   200 405 500 20 30 255 255 255 180
motion disk2 1 405 500 20 30 0 0 0 0   1 405 500 20 30 0 0 0 0
motion disk2 1 405 500 20 30 0 0 0 0   100 405 500 20 30 0 0 0 90
motion disk2 100 405 500 20 30 0 0 0 90   200 405 500 20 30 0 0 0 180
motion disk3 1 405 500 20 30 0 0 255 0   1 405 500 20 30 0 0 255 0
motion disk3 1 405 500 20 30 0 0 255 0   100 405 500 20 30 0 0 255 90
motion disk3 100 405 500 20 30 0 0 255 90   200 405 500 20 30 0 0 255 180







